2055 4 2051
2055 4 2052
2055 4 2053
2062 4 2049
2062 4 2050
2062 4 2051
2055 4 2051
2055 4 2052
2055 4 2053
2058 4 2049
2061 4 2049
2062 4 2049
2058 4 2049
2061 4 2049
2062 4 2049
2062 4 2049
2062 4 2050
2062 4 2051
2055 4 2051
2055 4 2052
2055 4 2053
2058 4 2049
2061 4 2049
2062 4 2049
2056 4 2050
2057 4 2050
2058 4 2050
2059 4 2050
2060 4 2050
2061 4 2050
2062 4 2050
2056 4 2051
2057 4 2051
2058 4 2051
2059 4 2051
2060 4 2051
2061 4 2051
2062 4 2051
2057 4 2052
2058 4 2052
2059 4 2052
2060 4 2052
2056 4 2053
2058 4 2053
2059 4 2053
